#
#Table I (TN95)
#Landolt Faint Photometric Standards
#referred to equinox J2000.0
#
#   ING          RA        Dec      Proper        V      B-V    B     U-B     U     V-R     R     R-I     I     V-I
#  Name           (J2000.0)        motion
 TPHE-A    00 30 09.5 -46 31 29               14.651  0.793 15.444  0.380 15.824  0.435 14.216  0.405 13.811  0.841  T Phe A   
 TPHE-B    00 30 16.3 -46 27 59               12.334  0.405 12.739  0.156 12.895  0.262 12.072  0.271 11.801  0.535  T Phe B   
 TPHE-C    00 30 17.0 -46 32 22               14.376 -0.298 14.078 -1.217 12.861 -0.148 14.524 -0.211 14.735 -0.360  T Phe C   
 TPHE-D    00 30 18.3 -46 31 20               13.118  1.551 14.669  1.871 16.540  0.849 12.269  0.810 11.459  1.663  T Phe D   
 TPHE-E    00 30 19.6 -46 24 36               11.630  0.443 12.073 -0.103 11.970  0.276 11.354  0.283 11.071  0.564  T Phe E   
 TPHE-F    00 30 49.6 -46 33 24               12.474  0.855 13.329  0.532 13.861  0.492 11.982  0.435 11.547  0.926  T Phe F
 TPHE-G    00 31 04.2 -46 22 52               10.442  1.546 11.988  1.915 13.903  0.934  9.508  1.085  8.423  2.025  T Phe G   
 0029+024  00 31 42.1 +02 37 45               15.268  0.362 15.630 -0.184 15.446  0.251 15.017  0.337 14.680  0.593  PG0029+024
 0039+049  00 42 06.1 +05 09 23  0.0 -0.01    12.877 -0.019 12.858 -0.871 11.987  0.067 12.810  0.097 12.713  0.164  PG0039+049
 92-309    00 53 14.0 +00 46 02               13.842  0.513 14.355 -0.024 14.331  0.326 13.516  0.325 13.191  0.652  SA92 309  
 92-235    00 53 15.0 +00 36 18               10.595  1.638 12.233  1.984 14.217  0.894  9.701  0.911  8.790  1.806  SA92 235
 92-322    00 53 46.9 +00 47 35               12.676  0.528 13.204 -0.002 13.202  0.302 12.374  0.305 12.069  0.608  SA92 322  
 92-245    00 54 16.1 +00 39 54               13.818  1.418 15.236  1.189 16.425  0.929 12.889  0.907 11.982  1.836  SA92 245  
 92-248    00 54 30.7 +00 40 17               15.346  1.128 16.474  1.289 17.763  0.690 14.656  0.553 14.103  1.245  SA92 248  
 92-249    00 54 33.6 +00 41 05               14.325  0.699 15.024  0.240 15.264  0.399 13.926  0.370 13.556  0.770  SA92 249  
 92-250    00 54 37.1 +00 38 58               13.178  0.814 13.992  0.480 14.472  0.446 12.732  0.394 12.338  0.840  SA92 250
 92-330    00 54 43.4 +00 43 26               15.073  0.568 15.641 -0.115 15.526  0.331 14.742  0.334 14.408  0.666  SA92 330  
 92-252    00 54 47.2 +00 39 24               14.932  0.517 15.449 -0.140 15.309  0.326 14.606  0.332 14.274  0.666  SA92 252  
 92-253    00 54 51.3 +00 40 20               14.085  1.131 15.216  0.955 16.171  0.719 13.366  0.616 12.750  1.337  SA92 253  
 92-335    00 54 58.3 +00 44 01               12.523  0.672 13.195  0.208 13.403  0.380 12.143  0.338 11.805  0.719  SA92 335  
 92-339    00 55 03.2 +00 44 11               15.579  0.449 16.028 -0.177 15.851  0.306 15.273  0.339 14.934  0.645  SA92 339
 92-342    00 55 09.9 +00 43 13               11.613  0.436 12.049 -0.042 12.007  0.266 11.347  0.270 11.077  0.538  SA92 342  
 92-188    00 55 10.5 +00 23 10               14.751  1.050 15.801  0.751 16.552  0.679 14.072  0.573 13.499  1.254  SA92 188  
 92-409    00 55 12.2 +00 55 59 -0.017 -0.13  10.627  1.138 11.765  1.136 12.901  0.734  9.893  0.625  9.268  1.361  SA92 409  
 92-410    00 55 14.2 +01 01 51               14.984  0.398 15.382 -0.134 15.248  0.239 14.745  0.242 14.503  0.484  SA92 410  
 92-412    00 55 15.7 +01 01 54               15.036  0.457 15.493 -0.152 15.341  0.285 14.751  0.304 14.447  0.589  SA92 412
 92-259    00 55 21.7 +00 40 31               14.997  0.642 15.639  0.108 15.747  0.370 14.627  0.452 14.175  0.821  SA92 259  
 92-345    00 55 23.7 +00 51 08               15.216  0.745 15.961  0.121 16.082  0.465 14.751  0.476 14.275  0.941  SA92 345  
 92-347    00 55 26.1 +00 50 49               15.752  0.543 16.295 -0.097 16.198  0.339 15.413  0.318 15.095  0.658  SA92 347  
 92-260    00 55 29.0 +00 37 08               15.071  1.162 16.233  1.115 17.348  0.719 14.352  0.608 13.744  1.328  SA92 260  
 92-348    00 55 29.4 +00 44 33               12.109  0.598 12.707  0.056 12.763  0.345 11.764  0.341 11.423  0.688  SA92 348
 92-417    00 55 32.1 +00 53 07               15.922  0.477 16.399 -0.185 16.214  0.351 15.571  0.305 15.266  0.657  SA92 417  
 92-263    00 55 39.3 +00 36 20               11.782  1.048 12.830  0.843 13.673  0.563 11.219  0.522 10.697  1.087  SA92 263  
 92-497    00 55 54.3 +01 11 43               13.642  0.729 14.371  0.257 14.628  0.404 13.238  0.378 12.860  0.783  SA92 497  
 92-498    00 55 56.5 +01 10 41               14.408  1.010 15.418  0.794 16.212  0.648 13.760  0.531 13.229  1.181  SA92 498  
 92-500    00 55 58.0 +01 10 25               15.841  1.003 16.844  0.211 17.055  0.738 15.103  0.599 14.504  1.338  SA92 500
 92-425    00 55 58.2 +00 52 59               13.941  1.191 15.132  1.173 16.305  0.755 13.186  0.627 12.559  1.384  SA92 425  
 92-501    00 56 00.1 +01 10 51               12.958  0.610 13.568  0.068 13.636  0.345 12.613  0.331 12.282  0.677  SA92 501  
 92-426    00 55 59.6 +00 52 55               14.466  0.729 15.195  0.184 15.379  0.412 14.054  0.396 13.658  0.809  SA92 426  
 92-355    00 56 05.7 +00 50 47               14.965  1.164 16.129  1.201 17.330  0.759 14.206  0.645 13.561  1.406  SA92 355  
 92-427    00 56 06.7 +01 00 20               14.953  0.809 15.762  0.352 16.114  0.462 14.491  2.922 11.569  3.275  SA92 427
 92-502    00 56 08.1 +01 04 25               11.812  0.486 12.298 -0.095 12.203  0.284 11.528  0.292 11.236  0.576  SA92 502  
 92-430    00 56 15.2 +00 53 18               14.440  0.567 15.007 -0.040 14.967  0.338 14.102  0.338 13.764  0.676  SA92 430  
 92-276    00 56 26.6 +00 41 51               12.036  0.629 12.665  0.067 12.732  0.368 11.668  0.357 11.311  0.726  SA92 276  
 92-282    00 56 46.8 +00 38 29               12.969  0.318 13.287 -0.038 13.249  0.201 12.768  0.221 12.547  0.422  SA92 282  
 92-508    00 56 51.2 +01 09 34               11.679  0.529 12.208 -0.047 12.161  0.318 11.361  0.320 11.041  0.639  SA92 508
 92-507    00 56 50.7 +01 05 59               11.332  0.932 12.264  0.688 12.952  0.507 10.825  0.461 10.364  0.969  SA92 507  
 92-364    00 56 52.2 +00 43 56               11.673  0.607 12.280 -0.037 12.243  0.356 11.317  0.357 10.960  0.714  SA92 364  
 92-433    00 56 53.7 +01 00 42               11.667  0.655 12.322  0.110 12.432  0.367 11.300  0.348 10.952  0.716  SA92 433  
 92-288    00 57 17.0 +00 36 48               11.630  0.855 12.485  0.472 12.957  0.489 11.141  0.441 10.700  0.931  SA92 288  
 F-11      01 04 21.7 +04 13 37  0.0 -0.04    12.065 -0.240 11.825 -0.978 10.847 -0.120 12.185 -0.142 12.327 -0.261  Feige 11
 F-16      01 54 34.6 -06 46 00               12.406 -0.012 12.394  0.009 12.403 -0.003 12.409  0.002 12.407 -0.001  Feige 16      
 93-407    01 54 36.9 +00 53 49               11.971  0.852 12.823  0.564 13.387  0.487 11.484  0.421 11.063  0.908  SA93 407  
 93-317    01 54 37.8 +00 43 01               11.546  0.488 12.034 -0.055 11.979  0.293 11.253  0.298 10.955  0.592  SA93 317  
 93-333    01 55 05.1 +00 45 42               12.011  0.832 12.843  0.436 13.279  0.469 11.542  0.422 11.120  0.892  SA93 333  
 93-424    01 55 26.4 +00 56 42               11.620  1.083 12.703  0.943 13.646  0.554 11.066  0.502 10.564  1.058  SA93 424
 G3-33     02 00 13.0 +13 03 07  0.073 -1.77  12.298  1.804 14.102  1.316 15.418  1.355 10.943  1.751  9.192  3.099  G3-33     
 0220+132  02 23 33.9 +13 28 04               14.216  0.937 15.153  0.319 15.472  0.562 13.654  0.496 13.158  1.058  PG0220+132
 0220+132  02 23 38.4 +13 27 35               14.760 -0.132 14.628 -0.922 13.706 -0.050 14.810 -0.120 14.930 -0.170  PG0220+132
 0220+132  02 23 39.9 +13 27 30               15.771  0.783 16.554 -0.339 16.215  0.514 15.257  0.481 14.776  0.995  PG0220+132
 F-22      02 30 16.6 +05 15 52  0.005 -0.03  12.799 -0.054 12.745 -0.806 11.939 -0.103 12.902 -0.105 13.007 -0.207  Feige 22
 0231+051  02 33 28.9 +05 19 49               13.804  0.677 14.481  0.201 14.682  0.390 13.414  0.369 13.045  0.757  PG0231+051
 0231+051  02 33 33.9 +05 19 33               14.027  1.088 15.115  1.046 16.161  0.675 13.352  0.586 12.766  1.256  PG0231+051
 0231+051  02 33 40.1 +05 17 43               12.772  0.710 13.482  0.270 13.752  0.405 12.367  0.394 11.973  0.799  PG0231+051
 0231+051  02 33 48.2 +05 20 28               13.702  0.671 14.373  0.114 14.487  0.399 13.303  0.385 12.918  0.783  PG0231+051
 0231+051  02 33 41.3 +05 18 45               16.105 -0.329 15.776 -1.192 14.584 -0.162 16.267 -0.371 16.638 -0.534  PG0231+051
 0231+051  02 33 45.5 +05 17 34               14.735  1.448 16.183  1.342 17.525  0.954 13.781  0.998 12.783  1.951  PG0231+051
 F-24      02 35 07.5 +03 43 57  0.005  0.0   12.411 -0.203 12.208 -1.169 11.039  0.090 12.321  0.364 11.957  0.451  Feige 24      
 94-171    02 53 38.8 +00 17 18               12.659  0.817 13.476  0.304 13.780  0.480 12.179  0.483 11.696  0.964  SA94 171  
 94-296    02 55 20.0 +00 28 12               12.255  0.750 13.005  0.235 13.240  0.415 11.840  0.387 11.453  0.803  SA94 296  
 94-394    02 56 14.3 +00 35 12               12.273  0.545 12.818 -0.047 12.771  0.344 11.929  0.330 11.599  0.676  SA94 394
 94-401    02 56 30.8 +00 40 07               14.293  0.638 14.931  0.098 15.029  0.389 13.904  0.369 13.535  0.759  SA94 401  
 94-242    02 57 21.2 +00 18 39               11.728  0.301 12.029  0.107 12.136  0.178 11.550  0.184 11.366  0.362  SA94 242  
 94-251    02 57 47.0 +00 16 03               11.204  1.219 12.423  1.281 13.704  0.659 10.545  0.587  9.958  1.247  SA94 251  
 94-702    02 58 13.4 +01 10 54               11.594  1.418 13.012  1.621 14.633  0.756 10.838  0.673 10.165  1.430  SA94 702  
 GD-50     03 48 50.1 -00 58 33  0.002 -0.15  14.063 -0.276 13.787 -1.191 12.596 -0.145 14.208 -0.180 14.388 -0.325  GD 50
 95-15     03 52 40.2 -00 05 23               11.302  0.712 12.014  0.157 12.171  0.424 10.878  0.385 10.493  0.809  SA95 15  
 95-301    03 52 41.1 +00 31 22               11.216  1.290 12.506  1.296 13.802  0.692 10.524  0.620  9.904  1.311  SA95 301  
 95-16     03 52 40.6 -00 05 06               14.313  1.306 15.619  1.322 16.941  0.796 13.517  0.676 12.841  1.472  SA95 16  
 95-302    03 52 42.0 +00 31 19               11.694  0.825 12.519  0.447 12.966  0.471 11.223  0.420 10.803  0.891  SA95 302  
 95-96     03 52 54.0 +00 00 19               10.010  0.147 10.157  0.072 10.229  0.079  9.931  0.095  9.836  0.174  SA95 96
 95-97     03 52 57.5 -00 00 19               14.818  0.906 15.724  0.380 16.104  0.522 14.296  0.546 13.750  1.068  SA95 97  
 95-98     03 53 00.2 +00 02 49               14.448  1.181 15.629  1.092 16.721  0.723 13.725  0.620 13.105  1.342  SA95 98  
 95-100    03 53 00.8 +00 00 16               15.633  0.791 16.424  0.051 16.475  0.538 15.095  0.421 14.674  0.961  SA95 100  
 95-101    03 53 04.1 +00 02 52               12.677  0.778 13.455  0.263 13.718  0.436 12.241  0.426 11.815  0.863  SA95 101  
 95-102    03 53 07.5 +00 01 10               15.622  1.001 16.623  0.162 16.785  0.448 15.174  0.618 14.556  1.065  SA95 102
 95-252    03 53 10.6 +00 27 23               15.394  1.452 16.846  1.178 18.024  0.816 14.578  0.747 13.831  1.566  SA95 252  
 95-190    03 53 13.2 +00 16 23               12.627  0.287 12.914  0.236 13.150  0.195 12.432  0.220 12.212  0.415  SA95 190  
 95-193    03 53 20.5 +00 16 35               14.338  1.211 15.549  1.239 16.788  0.748 13.590  0.616 12.974  1.366  SA95 193  
 95-105    03 53 21.3 -00 00 19               13.574  0.976 14.550  0.627 15.177  0.550 13.024  0.536 12.488  1.088  SA95 105  
 95-107    03 53 25.6 +00 02 20               16.275  1.324 17.599  1.115 18.714  0.947 15.328  0.962 14.366  1.907  SA95 107
 95-106    03 53 25.1 +00 01 23               15.137  1.251 16.388  0.369 16.757  0.394 14.743  0.508 14.235  0.903  SA95 106  
 95-112    03 53 40.0 -00 01 11               15.502  0.662 16.164  0.077 16.241  0.605 14.897  0.620 14.277  1.227  SA95 112  
 95-41     03 53 41.1 -00 02 32               14.060  0.903 14.963  0.297 15.260  0.589 13.471  0.585 12.886  1.176  SA95 41  
 95-317    03 53 44.1 +00 29 50               13.449  1.320 14.769  1.120 15.889  0.768 12.681  0.708 11.973  1.476  SA95 317  
 95-42     03 53 43.7 -00 04 33               15.606 -0.215 15.391 -1.111 14.280 -0.119 15.725 -0.180 15.905 -0.300  SA95 42
 95-263    03 53 47.0 +00 26 41               12.679  1.500 14.179  1.559 15.738  0.801 11.878  0.711 11.167  1.513  SA95 263  
 95-115    03 53 47.7 -00 00 47               14.680  0.836 15.516  0.096 15.612  0.577 14.103  0.579 13.524  1.157  SA95 115  
 95-43     03 53 48.6 -00 03 02               10.803  0.510 11.313 -0.016 11.297  0.308 10.495  0.316 10.179  0.624  SA95 43  
 95-271    03 54 16.2 +00 18 52               13.669  1.287 14.956  0.916 15.872  0.734 12.935  0.717 12.218  1.453  SA95 271  
 95-328    03 54 19.4 +00 36 31               13.525  1.532 15.057  1.298 16.355  0.908 12.617  0.868 11.749  1.776  SA95 328
 95-329    03 54 23.9 +00 37 07               14.617  1.184 15.801  1.093 16.894  0.766 13.851  0.642 13.209  1.410  SA95 329  
 95-330    03 54 30.7 +00 29 05               12.174  1.999 14.173  2.233 16.406  1.166 11.008  1.100  9.908  2.268  SA95 330  
 95-275    03 54 44.2 +00 27 20               13.479  1.763 15.242  1.740 16.982  1.011 12.468  0.931 11.537  1.944  SA95 275  
 95-276    03 54 45.8 +00 25 55               14.118  1.225 15.343  1.218 16.561  0.748 13.370  0.646 12.724  1.395  SA95 276  
 95-60     03 54 49.5 -00 07 04               13.429  0.776 14.205  0.197 14.402  0.464 12.965  0.449 12.516  0.914  SA95 60
 95-218    03 54 49.9 +00 10 09               12.095  0.708 12.803  0.208 13.011  0.397 11.698  0.370 11.328  0.767  SA95 218  
 95-132    03 54 51.7 +00 05 22               12.064  0.448 12.512  0.300 12.812  0.259 11.805  0.287 11.518  0.545  SA95 132  
 95-62     03 55 00.3 -00 02 54               13.538  1.355 14.893  1.181 16.074  0.742 12.796  0.685 12.111  1.428  SA95 62  
 95-137    03 55 03.7 +00 03 28               14.440  1.457 15.897  1.136 17.033  0.893 13.547  0.845 12.702  1.737  SA95 137  
 95-139    03 55 04.6 +00 03 09               12.196  0.923 13.119  0.677 13.796  0.562 11.634  0.476 11.158  1.039  SA95 139
 95-66     03 55 06.4 -00 09 32               12.892  0.715 13.607  0.167 13.774  0.426 12.466  0.438 12.028  0.864  SA95 66  
 95-227    03 55 08.6 +00 14 35               15.779  0.771 16.550  0.034 16.584  0.515 15.264  0.552 14.712  1.067  SA95 227  
 95-142    03 55 09.3 +00 01 20               12.927  0.588 13.515  0.097 13.612  0.371 12.556  0.375 12.181  0.745  SA95 142  
 95-74     03 55 31.1 -00 09 13               11.531  1.126 12.657  0.686 13.343  0.600 10.931  0.567 10.364  1.165  SA95 74  
 95-231    03 55 38.8 +00 10 43               14.216  0.452 14.668  0.297 14.965  0.270 13.946  0.290 13.656  0.560  SA95 231
 95-284    03 55 41.5 +00 26 37               13.669  1.398 15.067  1.073 16.140  0.818 12.851  0.766 12.085  1.586  SA95 284  
 95-149    03 55 44.4 +00 07 04               10.938  1.593 12.531  1.564 14.095  0.874 10.064  0.811  9.253  1.685  SA95 149  
 95-285    03 55 44.1 +00 25 10               15.561  0.937 16.498  0.703 17.201  0.607 14.954  0.602 14.352  1.210  SA95 285  
 95-236    03 56 13.3 +00 08 46               11.491  0.736 12.227  0.162 12.389  0.420 11.071  0.411 10.660  0.831  SA95 236  
 96-21     04 51 15.7 -00 14 50               12.182  0.490 12.672 -0.004 12.668  0.299 11.883  0.297 11.586  0.598  SA96 21
 96-36     04 51 42.4 -00 10 10               10.591  0.247 10.838  0.118 10.956  0.134 10.457  0.136 10.321  0.271  SA96 36  
 96-737    04 52 35.3 +00 22 30               11.716  1.334 13.050  1.160 14.210  0.733 10.983  0.695 10.288  1.428  SA96 737  
 96-409    04 52 58.5 +00 09 04               13.778  0.543 14.321  0.042 14.363  0.340 13.438  0.340 13.098  0.682  SA96 409  
 96-83     04 52 58.8 -00 14 41               11.719  0.179 11.898  0.202 12.100  0.093 11.626  0.097 11.529  0.190  SA96 83  
 96-235    04 53 18.8 -00 05 02               11.140  1.074 12.214  0.898 13.112  0.559 10.581  0.510 10.071  1.068  SA96 235
 G97-42    05 28 00.0 +09 38 39 -0.017 -0.76  12.443  1.639 14.082  1.259 15.341  1.171 11.272  1.485  9.787  2.655  G97-42    
 G102-22   05 42 09.2 +12 29 21  0.134 -1.59  11.509  1.621 13.130  1.134 14.264  1.211 10.298  1.590  8.708  2.800  G102-22   
 GD-71     05 52 27.6 +15 53 12  0.006 -0.19  13.032 -0.249 12.783 -1.107 11.676 -0.137 13.169 -0.164 13.333 -0.302  GD 71     
 97-249    05 57 07.5 +00 01 11  1.733  0.648 11.733  0.648 12.381  0.100 12.481  0.369 11.364  0.353 11.011  0.723  SA97 249  
 97-42     05 57   09 -00 11 13               12.443  1.639 14.082  1.208 15.277  1.160 11.288  1.485  9.802  2.641  SA97 42
 97-345    05 57 33.1 +00 21 16               11.608  1.655 13.263  1.680 14.943  0.928 10.680  0.844  9.836  1.771  SA97 345  
 97-351    05 57 37.3 +00 13 44                9.781  0.202  9.983  0.096 10.079  0.124  9.657  0.141  9.516  0.264  SA97 351  
 97-75     05 57 55.1 -00 09 29               11.483  1.872 13.355  2.100 15.455  1.047 10.436  0.952  9.484  1.999  SA97 75  
 97-284    05 58 25.1 +00 05 14               10.788  1.363 12.151  1.087 13.238  0.774 10.014  0.725  9.289  1.500  SA97 284  
 97-224    05 58 45.5 -00 04 46               14.085  0.910 14.995  0.341 15.336  0.553 13.532  0.547 12.985  1.102  SA97 224
 98-961    06 51 27.0 -00 15 36               13.089  1.283 14.372  1.003 15.375  0.701 12.388  0.662 11.726  1.362  SA98 961  
 98-966    06 51 28.3 -00 16 25               14.001  0.469 14.470  0.357 14.827  0.283 13.718  0.331 13.387  0.613  SA98 966  
 98-556    06 51 29.5 -00 24 51               14.137  0.338 14.475  0.126 14.601  0.196 13.941  0.243 13.698  0.437  SA98 556  
 98-557    06 51 29.5 -00 25 06               14.780  1.397 16.177  1.072 17.249  0.755 14.025  0.741 13.284  1.494  SA98 557  
 98-562    06 51 30.6 -00 18 59               12.185  0.522 12.707 -0.002 12.705  0.305 11.880  0.303 11.577  0.607  SA98 562
 98-563    06 51 31.5 -00 26 26               14.162  0.416 14.578 -0.190 14.388  0.294 13.868  0.317 13.551  0.610  SA98 563  
 98-978    06 51 33.7 -00 11 30               10.572  0.609 11.181  0.094 11.275  0.349 10.223  0.322  9.901  0.671  SA98 978  
 98-L1     06 51 39.0 -00 26 36               15.672  1.243 16.915  0.776 17.691  0.730 14.942  0.712 14.230  1.445  SA98 L1  
 98-L2     06 51 40.5 -00 21 59               15.859  1.340 17.199  1.497 18.696  0.754 15.105  0.572 14.533  1.327  SA98 L2  
 98-581    06 51 39.9 -00 25 42               14.556  0.238 14.794  0.161 14.955  0.118 14.438  0.244 14.194  0.361  SA98 581
 98-580    06 51 39.7 -00 26 42               14.728  0.367 15.095  0.303 15.398  0.241 14.487  0.305 14.182  0.547  SA98 580  
 98-L3     06 51 42.2 -00 15 55               14.614  1.936 16.550  1.837 18.387  1.091 13.523  1.047 12.476  2.142  SA98 L3  
 98-L4     06 51 42.2 -00 16 21               16.332  1.344 17.676  1.086 18.762  0.936 15.396  0.785 14.611  1.726  SA98 L4  
 98-1002   06 51 43.0 -00 15 54               14.568  0.574 15.142 -0.027 15.115  0.354 14.214  0.379 13.835  0.733  SA98 1002 
 98-590    06 51 42.9 -00 22 19               14.642  1.352 15.994  0.853 16.847  0.753 13.889  0.747 13.142  1.500  SA98 590
 98-614    06 51 48.6 -00 20 33               15.674  1.063 16.737  0.399 17.136  0.834 14.840  0.645 14.195  1.480  SA98 614  
 98-618    06 51 49.5 -00 21 16               12.723  2.192 14.915  2.144 17.059  1.254 11.469  1.151 10.318  2.407  SA98 618  
 98-624    06 51 51.8 -00 20 15               13.811  0.791 14.602  0.394 14.996  0.417 13.394  0.404 12.990  0.822  SA98 624  
 98-626    06 51 52.3 -00 20 43               14.758  1.406 16.164  1.067 17.231  0.806 13.952  0.816 13.136  1.624  SA98 626  
 98-627    06 51 52.9 -00 22 01               14.900  0.689 15.589  0.078 15.667  0.428 14.472  0.387 14.085  0.817  SA98 627
 98-634    06 51 55.7 -00 20 55               14.608  0.647 15.255  0.123 15.378  0.382 14.226  0.372 13.854  0.757  SA98 634  
 98-642    06 51 58.9 -00 21 33               15.290  0.571 15.861  0.318 16.179  0.302 14.988  0.393 14.595  0.697  SA98 642  
 98-185    06 52 01.8 -00 27 22               10.536  0.202 10.738  0.113 10.851  0.109 10.427  0.124 10.303  0.231  SA98 185  
 98-646    06 52 02.3 -00 21 16               15.839  1.060 16.899  1.426 18.325  0.583 15.256  0.504 14.752  1.090  SA98 646  
 98-193    06 52 03.3 -00 27 17               10.030  1.180 11.210  1.152 12.362  0.615 9.415  0.537  8.878  1.153   SA98 193
 98-653    06 52 04.9 -00 18 18                9.539 -0.004  9.535 -0.099  9.436  0.009 9.530  0.008  9.522  0.017   SA98 653  
 98-650    06 52 04.4 -00 19 39               12.271  0.157 12.428  0.110 12.538  0.080 12.191  0.086 12.105  0.166  SA98 650  
 98-652    06 52 04.7 -00 21 56               14.817  0.611 15.428  0.126 15.554  0.276 14.541  0.339 14.202  0.618  SA98 652  
 98-666    06 52 09.9 -00 23 32               12.732  0.164 12.896 -0.004 12.892  0.091 12.641  0.108 12.533  0.200  SA98 666  
 98-671    06 52 11.8 -00 18 24               13.385  0.968 14.353  0.719 15.072  0.575 12.810  0.494 12.316  1.071  SA98 671
 98-670    06 52 11.5 -00 19 16               11.930  1.356 13.286  1.313 14.599  0.723 11.207  0.653 10.554  1.375  SA98 670  
 98-676    06 52 13.7 -00 19 20               13.068  1.146 14.214  0.666 14.880  0.683 12.385  0.673 11.712  1.352  SA98 676  
 98-675    06 52 13.3 -00 19 40               13.398  1.909 15.307  1.936 17.243  1.082 12.316  1.002 11.314  2.085  SA98 675  
 98-L5     06 52 15.7 -00 19 44                7.800  1.900 19.700 -0.100 19.600  3.100 14.700  2.600 12.100  5.800  SA98 L5  
 98-682    06 52 16.4 -00 19 41               13.749  0.632 14.381  0.098 14.479  0.366 13.383  0.352 13.031  0.717  SA98 682
 98-685    06 52 18.4 -00 20 20               11.954  0.463 12.417  0.096 12.513  0.290 11.664  0.280 11.384  0.570  SA98 685  
 98-688    06 52 18.8 -00 23 33               12.754  0.293 13.047  0.245 13.292  0.158 12.596  0.180 12.416  0.337  SA98 688  
 98-1082   06 52 20.1 -00 14 14               15.010  0.835 15.845 -0.001 15.844  0.485 14.525  0.619 13.906  1.102  SA98 1082 
 98-1087   06 52 21.1 -00 15 51               14.439  1.595 16.034  1.284 17.318  0.928 13.511  0.882 12.629  1.812  SA98 1087 
 98-1102   06 52 27.9 -00 13 43               12.113  0.314 12.427  0.089 12.516  0.193 11.920  0.195 11.725  0.388  SA98 1102
 98-1112   06 52 34.8 -00 15 25               13.975  0.814 14.789  0.286 15.075  0.443 13.532  0.431 13.101  0.874  SA98 1112 
 98-1119   06 52 36.6 -00 14 32               11.878  0.551 12.429  0.069 12.498  0.312 11.566  0.299 11.267  0.611  SA98 1119 
 98-1124   06 52 38.0 -00 16 34               13.707  0.315 14.022  0.258 14.280  0.173 13.534  0.201 13.333  0.373  SA98 1124 
 98-1122   06 52 37.5 -00 17 04               14.090  0.595 14.685 -0.297 14.388  0.376 13.714  0.442 13.272  0.816  SA98 1122 
 98-724    06 52 37.2 -00 19 21               11.118  1.104 12.222  0.904 13.126  0.575 10.543  0.527 10.016  1.103  SA98 724
 98-733    06 52 40.0 -00 17 15               12.238  1.285 13.523  1.087 14.610  0.698 11.540  0.650 10.890  1.347  SA98 733  
 RU-149G   07 24 11.9 -00 31 58               12.829  0.541 13.370  0.033 13.403  0.322 12.507  0.322 12.185  0.645  Rubin 149G    
 RU-149A   07 24 13.2 -00 32 53               14.495  0.298 14.793  0.118 14.911  0.196 14.299  0.196 14.103  0.391  Rubin 149A    
 RU-149F   07 24 14.0 -00 31 38               13.471  1.115 14.586  1.025 15.611  0.594 12.877  0.538 12.339  1.132  Rubin 149F    
 RU-149    07 24 14.4 -00 33 04               13.866 -0.129 13.737 -0.779 12.958 -0.040 13.906 -0.068 13.974 -0.108  Rubin 149
  RU-149D  07 24 15.4 -00 32 48  0.0 -0.01    11.480 -0.037 11.443 -0.287 11.156  0.021 11.459  0.008 11.451  0.029  Rubin 149D    
 RU-149C   07 24 17.2 -00 32 25               14.425  0.195 14.620  0.141 14.761  0.093 14.332  0.127 14.205  0.222  Rubin 149C    
 RU-149B   07 24 17.6 -00 33 05               12.642  0.662 13.304  0.151 13.455  0.374 12.268  0.354 11.914  0.728  Rubin 149B    
 RU-149E   07 24 18.3 -00 31 18               13.718  0.522 14.240 -0.007 14.233  0.321 13.397  0.314 13.083  0.637  Rubin 149E    
 RU-152F   07 29 53.7 -02 04 52               14.564  0.635 15.199  0.069 15.268  0.382 14.182  0.315 13.867  0.689  Rubin 152F
 RU-152E   07 29 54.3 -02 05 31               12.362  0.042 12.404 -0.086 12.318  0.030 12.332  0.034 12.298  0.065  Rubin 152E    
 RU-152    07 29 58.5 -02 06 38               13.014 -0.190 12.824 -1.073 11.751 -0.057 13.071 -0.087 13.158 -0.145  Rubin 152     
 RU-152B   07 29 59.2 -02 05 58               15.019  0.500 15.519  0.022 15.541  0.290 14.729  0.309 14.420  0.600  Rubin 152B    
 RU-152A   07 30 00.4 -02 06 23               14.341  0.543 14.884 -0.085 14.799  0.325 14.016  0.329 13.687  0.654  Rubin 152A    
 RU-152C   07 30 02.6 -02 05 39               12.222  0.573 12.795 -0.013 12.782  0.342 11.880  0.340 11.540  0.683  Rubin 152C
 RU-152D   07 30 06.1 -02 04 38               11.076  0.875 11.951  0.491 12.442  0.473 10.603  0.449 10.154  0.921  Rubin 152D    
 99-438    07 55 54.2 -00 16 50                9.398 -0.155  9.243 -0.725  8.518 -0.059 9.457 -0.081  9.538 -0.141   SA99 438  
 99-447    07 56 06.6 -00 20 42                9.417 -0.067  9.350 -0.225  9.125 -0.032 9.449 -0.041  9.490 -0.074   SA99 447  
 100-241   08 52 34.0 -00 39 50               10.139  0.157 10.296  0.101 10.397  0.078 10.061  0.085  9.976  0.163  SA100 241 
 100-162   08 53 14.4 -00 43 30                9.150  1.276 10.426  1.497 11.923  0.649  8.501  0.553  7.948  1.203  SA100 162
 100-267   08 53 17.2 -00 41 31               13.027  0.485 13.512 -0.062 13.450  0.307 12.720  0.302 12.418  0.608  SA100 267 
 100-269   08 53 18.4 -00 41 11               12.350  0.547 12.897 -0.040 12.857  0.335 12.015  0.331 11.684  0.666  SA100 269 
 100-280   08 53 35.4 -00 36 42               11.799  0.494 12.293 -0.002 12.291  0.295 11.504  0.291 11.213  0.588  SA100 280 
 100-394   08 53 54.5 -00 32 24               11.384  1.317 12.701  1.457 14.158  0.705 10.679  0.636 10.043  1.341  SA100 394 
 0918+029  09 21 22.0 +02 47 29               12.272  1.044 13.316  0.821 14.137  0.575 11.697  0.535 11.162  1.108  PG0918+029
 0918+029  09 21 28.3 +02 46 04               13.327 -0.271 13.056 -1.081 11.975 -0.129 13.456 -0.159 13.615 -0.288  PG0918+029
 0918+029  09 21 33.0 +02 48 01               13.963  0.765 14.728  0.366 15.094  0.417 13.546  0.370 13.176  0.787  PG0918+029
 0918+029  09 21 35.1 +02 46 20               14.490  0.536 15.026 -0.032 14.994  0.325 14.165  0.336 13.829  0.661  PG0918+029
 0918+029  09 21 42.4 +02 46 37               13.537  0.631 14.168  0.087 14.255  0.367 13.170  0.357 12.813  0.722  PG0918+029
 -12-2918  09 31 19.3 -13 29 19  0.052  0.02  10.067  1.501 11.568  1.166 12.734  1.067  9.000  1.318  7.682  2.385  BD-12 2918
 0942-029  09 45 08.6 -03 05 55               13.707  0.564 14.271  0.129 14.400  0.348 13.359  0.343 13.016  0.687  PG0942-029
 0942-029  09 45 09.9 -03 10 15               14.731  0.783 15.514  0.339 15.853  0.610 14.121  0.477 13.644  1.081  PG0942-029
 0942-029  09 45 11.6 -03 06 58               14.108  0.525 14.633  0.085 14.718  0.368 13.740  0.333 13.407  0.697  PG0942-029
 0942-029  09 45 11.8 -03 09 21               14.004 -0.294 13.710 -1.175 12.535 -0.130 14.134 -0.149 14.283 -0.280  PG0942-029
 0942-029  09 45 14.4 -03 06 41               14.989  0.727 15.716  0.369 16.085  0.539 14.450  0.376 14.074  0.909  PG0942-029
 101-315   09 54 51.3 -00 27 32               11.249  1.153 12.402  1.056 13.458  0.612 10.637  0.559 10.078  1.172  SA101 315 
 101-316   09 54 52.0 -00 18 35               11.552  0.493 12.045  0.032 12.077  0.293 11.259  0.291 10.968  0.584  SA101 316 
 101-L1    09 55 29.1 -00 21 43               16.501  0.757 17.258 -0.104 17.154  0.421 16.080  0.527 15.553  0.947  SA101 L1 
 101-320   09 55 32.9 -00 22 34               13.823  1.052 14.875  0.690 15.565  0.581 13.242  0.561 12.681  1.141  SA101 320 
 101-L2    09 55 34.7 -00 18 51               15.770  0.602 16.372  0.082 16.454  0.321 15.449  0.304 15.145  0.625  SA101 L2
 101-404   09 55 40.7 -00 18 23               13.459  0.996 14.455  0.697 15.152  0.530 12.929  0.500 12.429  1.029  SA101 404 
 101-324   09 55 56.6 -00 23 15                9.742  1.161 10.903  1.148 12.051  0.591 9.151  0.519  8.632  1.110   SA101 324 
 101-262   09 56 08.1 -00 29 51               14.295  0.784 15.079  0.297 15.376  0.440 13.855  0.387 13.468  0.827  SA101 262 
 101-408   09 56 08.1 -00 12 42               14.785  1.200 15.985  1.347 17.332  0.718 14.067  0.603 13.464  1.321  SA101 408 
 101-326   09 56 08.1 -00 27 12               14.923  0.729 15.652  0.227 15.879  0.406 14.517  0.375 14.142  0.780  SA101 326
 101-410   09 56 09.2 -00 14 03               13.646  0.546 14.192 -0.063 14.129  0.298 13.348  0.326 13.022  0.623  SA101 410 
 101-327   09 56 08.9 -00 25 53               13.441  1.155 14.596  1.139 15.735  0.717 12.724  0.574 12.150  1.290  SA101 327 
 101-413   09 56 14.0 -00 11 56               12.583  0.983 13.566  0.716 14.282  0.529 12.054  0.497 11.557  1.025  SA101 413 
 101-268   09 56 17.6 -00 31 59               14.380  1.531 15.911  1.381 17.292  1.040 13.340  1.200 12.140  2.237  SA101 268 
 101-330   09 56 20.6 -00 27 23               13.723  0.577 14.300 -0.026 14.274  0.346 13.377  0.338 13.039  0.684  SA101 330
 101-415   09 56 23.2 -00 16 54               15.259  0.577 15.836 -0.008 15.828  0.346 14.913  0.350 14.563  0.695  SA101 415 
 101-270   09 56 27.1 -00 35 45               13.711  0.554 14.265  0.055 14.320  0.332 13.379  0.306 13.073  0.637  SA101 270 
 101-278   09 56 54.5 -00 29 40               15.494  1.041 16.535  0.737 17.272  0.596 14.898  0.548 14.350  1.144  SA101 278 
 101-L3    09 56 55.1 -00 30 26               15.953  0.637 16.590 -0.033 16.557  0.396 15.557  0.395 15.162  0.792  SA101 L3 
 101-281   09 57 05.0 -00 31 44               11.575  0.812 12.387  0.419 12.806  0.452 11.123  0.412 10.711  0.864  SA101 281
 101-L4    09 57 07.8 -00 31 25               16.264  0.793 17.057  0.362 17.419  0.578 15.686  0.062 15.624  0.644  SA101 L4 
 101-L5    09 57 10.2 -00 30 41               15.928  0.622 16.550  0.115 16.665  0.414 15.514  0.305 15.209  0.720  SA101 L5 
 101-421   09 57 16.1 -00 17 19               13.180  0.507 13.687 -0.031 13.656  0.327 12.853  0.296 12.557  0.623  SA101 421 
 101-338   09 57 17.8 -00 21 01               13.788  0.634 14.422  0.024 14.446  0.350 13.438  0.340 13.098  0.691  SA101 338 
 101-339   09 57 18.4 -00 25 03               14.449  0.850 15.299  0.501 15.800  0.458 13.991  0.398 13.593  0.857  SA101 339
 101-424   09 57 20.3 -00 16 26               15.058  0.764 15.822  0.273 16.095  0.429 14.629  0.425 14.204  0.855  SA101 424 
 101-427   09 57 26.5 -00 17 18               14.964  0.805 15.769  0.321 16.090  0.484 14.480  0.369 14.111  0.854  SA101 427 
 101-341   09 57 29.9 -00 21 55               14.342  0.575 14.917  0.059 14.976  0.332 14.010  0.309 13.701  0.641  SA101 341 
 101-342   09 57 31.2 -00 21 52               15.556  0.529 16.085 -0.065 16.020  0.339 15.217  0.419 14.798  0.758  SA101 342 
 101-343   09 57 31.3 -00 22 56               15.504  0.606 16.110  0.094 16.204  0.396 15.108  0.338 14.770  0.734  SA101 343
 101-429   09 57 31.8 -00 18 17               13.496  0.980 14.476  0.782 15.258  0.617 12.879  0.526 12.353  1.143  SA101 429 
 101-431   09 57 37.4 -00 17 54               13.684  1.246 14.930  1.144 16.074  0.808 12.876  0.708 12.168  1.517  SA101 431 
 101-L6    09 57 39.6 -00 17 54               16.497  0.711 17.208  0.183 17.391  0.445 16.052  0.583 15.469  1.024  SA101 L6 
 101-207   09 57 52.5 -00 47 37               12.419  0.515 12.934 -0.078 12.856  0.321 12.098  0.320 11.778  0.641  SA101 207 
 101-363   09 58 18.7 -00 25 37                9.874  0.261 10.135  0.129 10.264  0.146  9.728  0.151  9.577  0.297  SA101 363
 GD-108    10 00 47.2 -07 33 31 -0.007  0.0   13.561 -0.215 13.346 -0.942 12.404 -0.098 13.659 -0.122 13.781 -0.220  GD 108    
 G162-66   10 33 42.8 -11 41 38 -0.021 -0.06  13.012 -0.165 12.847 -0.996 11.851 -0.126 13.138 -0.141 13.279 -0.266  G162-66   
 G44-27    10 36 01.3 +05 07 13 -0.040  0.14  12.636  1.586 14.222  1.088 15.310  1.185 11.451  1.526  9.925  2.714  G44-27    
 1034+001  10 37 03.9 -00 08 20               13.228 -0.365 12.863 -1.274 11.589 -0.155 13.383 -0.203 13.586 -0.359  PG1034+001
 G163-6    10 42 54.1 +02 47 20 -0.019 -0.03  14.706  1.550 16.256  1.228 17.484  1.090 13.616  1.384 12.232  2.478  G163-6
 1047+003  10 50 02.9 -00 00 38 -0.001 -0.03  13.474 -0.290 13.184 -1.121 12.063 -0.132 13.606 -0.162 13.768 -0.295  PG1047+003
 1047+003  10 50 05.7 -00 01 12               13.512  0.688 14.200  0.168 14.368  0.422 13.090  0.418 12.672  0.840  PG1047+003
 1047+003  10 50 08.0 -00 02 06               14.751  0.679 15.430  0.172 15.602  0.391 14.360  0.371 13.989  0.764  PG1047+003
 1047+003  10 50 13.7 -00 00 33               12.453  0.607 13.060 -0.019 13.041  0.378 12.075  0.358 11.717  0.737  PG1047+003
 G44-40    10 50 52.0 +06 48 29 -0.059 -0.81  11.675  1.644 13.319  1.213 14.532  1.216 10.459  1.568  8.891  2.786  G44-40
 102-620   10 55 04.4 -00 48 19 -0.016 +0.02  10.069  1.083 11.152  1.020 12.172  0.642 9.427  0.524  8.903  1.167   SA102 620 
 G45-20    10 56 29.1 +07 00 54 -0.239 -2.50  13.507  2.034 15.541  1.165 16.706  1.823 11.684  2.174  9.510  4.000  G45-20    
 102-1081  10 57 04.0 -00 13 13                9.903  0.664 10.567  0.255 10.822  0.366 9.537  0.333  9.204  0.698   SA102 1081
 G163-27   10 57 35.1 -07 31 23 -0.055  0.10  14.338  0.288 14.626 -0.548 14.078  0.206 14.132  0.210 13.922  0.417  G163-27   
 G163-50   11 08 00.0 -05 09 26 -0.004 -0.46  13.059  0.035 13.094 -0.688 12.406 -0.085 13.144 -0.072 13.216 -0.159  G163-50
 G163-51   11 08 06.5 -05 13 47 -0.004 -0.46  12.576  1.506 14.082  1.228 15.310  1.084 11.492  1.359 10.133  2.441  G163-51   
 G10-50    11 47 44.3 +00 48 16  0.039 -1.22  11.153  1.752 12.905  1.318 14.223  1.294  9.859  1.673  8.186  2.969  G10-50    
 103-302   11 56 06.1 -00 47 55 -0.003 +0.02   9.861  0.368 10.229 -0.056 10.173  0.228  9.633  0.237  9.396  0.465  SA103 302 
 103-626   11 56 46.1 -00 23 14               11.836  0.413 12.249 -0.057 12.192  0.262 11.574  0.274 11.300  0.535  SA103 626 
 G12-43    12 33 17.6 +09 01 15 -0.110 0.23   12.467  1.846 14.313  1.085 15.398  1.530 10.937  1.944  8.993  3.479  G12-43
 104-306   12 41 03.6 -00 37 13                9.370  1.592 10.962  1.666 12.628  0.832  8.538  0.762  7.776  1.591  SA104 306 
 104-423   12 41 36.0 -00 31 12               15.602  0.630 16.232  0.050 16.282  0.262 15.340  0.559 14.781  0.818  SA104 423 
 104-428   12 41 41.3 -00 26 27               12.630  0.985 13.615  0.748 14.363  0.534 12.096  0.497 11.599  1.032  SA104 428 
 104-L1    12 41 43.6 -00 23 08               14.608  0.630 15.238  0.064 15.302  0.374 14.234  0.364 13.870  0.739  SA104 L1 
 104-430   12 41 50.3 -00 25 52               13.858  0.652 14.510  0.131 14.641  0.364 13.494  0.363 13.131  0.727  SA104 430
 104-325   12 42 02.3 -00 41 36               15.581  0.694 16.275  0.051 16.326  0.345 15.236  0.307 14.929  0.652  SA104 325 
 104-330   12 42 11.5 -00 40 42               15.296  0.594 15.890 -0.028 15.862  0.369 14.927  0.371 14.556  0.739  SA104 330 
 104-440   12 42 14.5 -00 24 47               15.114  0.440 15.554 -0.227 15.327  0.289 14.825  0.317 14.508  0.605  SA104 440 
 104-237   12 42 16.9 -00 51 19               15.395  1.088 16.483  0.918 17.401  0.647 14.748  0.628 14.120  1.274  SA104 237 
 104-L2    12 42 18.6 -00 34 39               16.048  0.650 16.698 -0.172 16.526  0.344 15.704  0.323 15.381  0.667  SA104 L2
 104-443   12 42 19.9 -00 25 22               15.372  1.331 16.703  1.280 17.983  0.817 14.555  0.778 13.777  1.595  SA104 443 
 104-444   12 42 20.1 -00 32 29               13.477  0.512 13.989 -0.070 13.919  0.313 13.164  0.331 12.833  0.643  SA104 444 
 104-335   12 42 20.9 -00 33 09               11.665  0.622 12.287  0.145 12.432  0.357 11.308  0.334 10.974  0.691  SA104 335 
 104-334   12 42 20.5 -00 40 29               13.484  0.518 14.002 -0.067 13.935  0.323 13.161  0.331 12.830  0.653  SA104 334 
 104-239   12 42 23.0 -00 46 36               13.936  1.356 15.292  1.291 16.583  0.868 13.068  0.805 12.263  1.675  SA104 239
 104-336   12 42 24.7 -00 39 59               14.404  0.830 15.234  0.495 15.729  0.461 13.943  0.403 13.540  0.865  SA104 336 
 104-338   12 42 30.2 -00 38 33               16.059  0.591 16.650 -0.082 16.568  0.348 15.711  0.372 15.339  0.719  SA104 338 
 104-339   12 42 33.3 -00 41 41               15.459  0.832 16.291  0.709 17.000  0.476 14.983  0.374 14.609  0.849  SA104 339 
 104-244   12 42 34.3 -00 45 48               16.011  0.590 16.601 -0.152 16.449  0.338 15.673  0.489 15.184  0.825  SA104 244 
 104-455   12 42 52.2 -00 24 19               15.105  0.581 15.686 -0.024 15.662  0.360 14.745  0.357 14.388  0.716  SA104 455
 104-456   12 42 53.6 -00 32 02               12.362  0.622 12.984  0.135 13.119  0.357 12.005  0.337 11.668  0.694  SA104 456 
 104-457   12 42 54.2 -00 28 50               16.048  0.753 16.801  0.522 17.323  0.484 15.564  0.490 15.074  0.974  SA104 457 
 104-460   12 43 03.1 -00 28 20               12.886  1.287 14.173  1.243 15.416  0.813 12.073  0.693 11.380  1.507  SA104 460 
 104-461   12 43 06.1 -00 32 18 -0.001  0.0    9.705  0.476 10.181 -0.030 10.151  0.289  9.416  0.290  9.126  0.580  SA104 461 
 104-350   12 43 14.2 -00 33 21               13.634  0.673 14.307  0.165 14.472  0.383 13.251  0.353 12.898  0.736  SA104 350
 104-470   12 43 22.4 -00 29 54               14.310  0.732 15.042  0.101 15.143  0.295 14.015  0.356 13.659  0.649  SA104 470 
 104-364   12 43 46.0 -00 34 32               15.799  0.601 16.400 -0.131 16.269  0.314 15.485  0.397 15.088  0.712  SA104 364 
 104-366   12 43 53.3 -00 34 47               12.908  0.870 13.778  0.424 14.202  0.517 12.391  0.464 11.927  0.982  SA104 366 
 104-479   12 43 55.3 -00 32 51               16.087  1.271 17.358  0.673 18.031  0.657 15.430  0.607 14.823  1.264  SA104 479 
 104-367   12 43 58.5 -00 33 35               15.844  0.639 16.483 -0.126 16.357  0.382 15.462  0.296 15.166  0.679  SA104 367
 104-484   12 44 20.6 -00 30 56               14.406  1.024 15.430  0.732 16.162  0.514 13.892  0.486 13.406  1.000  SA104 484 
 104-485   12 44 23.9 -00 30 17               15.017  0.838 15.855  0.493 16.348  0.478 14.539  0.488 14.051  0.967  SA104 485 
 104-490   12 44 33.4 -00 25 52               12.572  0.535 13.107  0.048 13.155  0.318 12.254  0.312 11.942  0.630  SA104 490 
 104-598   12 45 17.0 -00 16 40               11.479  1.106 12.585  1.050 13.635  0.670 10.809  0.546 10.263  1.215  SA104 598 
 G14-55    13 28 21.0 -02 21 37 0.010 -0.52   11.336  1.491 12.827  1.157 13.984  1.078 10.258  1.388  8.870  2.462  G14-55
 1323-085  13 25 39.4 -08 49 20               13.481 -0.140 13.341 -0.681 12.660 -0.048 13.529 -0.078 13.607 -0.127  PG1323-085
 1323-085  13 25 49.7 -08 50 24               13.591  0.393 13.984 -0.019 13.965  0.252 13.339  0.252 13.087  0.506  PG1323-085
 1323-085  13 25 50.2 -08 48 40               14.003  0.707 14.710  0.245 14.955  0.395 13.608  0.363 13.245  0.759  PG1323-085
 1323-085  13 25 50.6 -08 50 56               13.406  0.761 14.167  0.265 14.432  0.426 12.980  0.407 12.573  0.833  PG1323-085
 1323-085  13 26 05.2 -08 50 37               12.080  0.587 12.667  0.005 12.672  0.346 11.734  0.335 11.399  0.684  PG1323-085
 105-505   13 35 24.7 -00 23 23               10.270  1.422 11.692  1.218 12.910  0.910  9.360  0.861  8.499  1.771  SA105 505
 105-437   13 37 16.7 -00 37 56               12.535  0.248 12.783  0.067 12.850  0.136 12.399  0.143 12.256  0.279  SA105 437 
 105-815   13 40 02.7 -00 02 18               11.453  0.385 11.838 -0.237 11.601  0.267 11.186  0.291 10.895  0.560  SA105 815 
 +2-2711   13 42 19.0 +01 30 18 -0.001 -0.01  10.367 -0.166 10.201 -0.697  9.504 -0.072 10.439 -0.095 10.534 -0.167  BD+02 2711
 121968    13 58 51.1 -02 54 53               10.254 -0.186 10.068 -0.908  9.160 -0.073 10.327 -0.098 10.425 -0.172  HD 121968
 1407-013  14 10 25.9 -01 30 18               13.750 -0.259 13.491 -1.119 12.372 -0.130 13.880 -0.144 14.024 -0.277  PG1407-013
 106-1024  14 40 07.0 +00 01 45               11.599  0.332 11.931  0.085 12.016  0.196 11.403  0.195 11.208  0.390  SA106 1024
 106-700   14 40 51.0 -00 23 37                9.785  1.362 11.147  1.582 12.729  0.728  9.057  0.641  8.416  1.370  SA106 700
 1514+034  15 17 14.3 +03 10 27               13.997 -0.009 13.988 -0.955 13.033  0.087 13.910  0.126 13.784  0.212  PG1514+034
 1525-071  15 28 11.6 -07 16 34               15.053 -0.198 14.855 -1.148 13.707 -0.088 15.141 -0.075 15.216 -0.168  PG1525-071
 1525-071  15 28 12.0 -07 16 39               16.301  0.564 16.865  0.305 17.170  0.411 15.890  0.346 15.544  0.757  PG1525-071
 1525-071  15 28 13.4 -07 16 01               13.509  0.757 14.266  0.257 14.523  0.445 13.064  0.425 12.639  0.869  PG1525-071
 1525-071  15 28 14.4 -07 16 14               16.403  0.730 17.133  0.135 17.268  0.442 15.961  0.366 15.595  0.808  PG1525-071
 1525-071  15 28 16.5 -07 14 31               13.530  1.109 14.639  1.130 15.769  0.590 12.940  0.513 12.427  1.104  PG1525-071
 1528+062  15 30 39.5 +06 01 13               11.989  0.593 12.582  0.005 12.587  0.364 11.625  0.344 11.281  0.711  PG1528+062
 1528+062  15 30 49.0 +06 01 23               15.553  0.830 16.383  0.356 16.739  0.433 15.120  0.389 14.731  0.824  PG1528+062
 1528+062  15 30 49.9 +06 00 57               14.767 -0.252 14.515 -1.091 13.424 -0.111 14.878 -0.182 15.060 -0.296  PG1528+062
 1528+062  15 30 55.7 +06 00 09               13.477  0.644 14.121  0.074 14.195  0.357 13.120  0.340 12.780  0.699  PG1528+062
 1530+057  15 33 10.2 +05 33 43               13.711  0.829 14.540  0.414 14.954  0.473 13.238  0.412 12.826  0.886  PG1530+057
 1530+057  15 33 10.7 +05 32 27               14.211  0.151 14.362 -0.789 13.573  0.162 14.049  0.036 14.013  0.199  PG1530+057
 1530+057  15 33 17.4 +05 33 46               12.842  0.745 13.587  0.325 13.912  0.423 12.419  0.376 12.043  0.799  PG1530+057
 107-970   15 37 25.8 +00 18 34               10.939  1.596 12.535  1.750 14.285  1.142  9.797  1.435  8.362  2.574  SA107 970 
 107-568   15 37 52.7 -00 17 18               13.054  1.149 14.203  0.862 15.065  0.625 12.429  0.595 11.834  1.217  SA107 568 
 107-1006  15 38 33.3 +00 14 20               11.712  0.766 12.478  0.279 12.757  0.442 11.270  0.421 10.849  0.863  SA107 1006 
 107-720   15 38 36.9 -00 02 25               13.121  0.599 13.720  0.088 13.808  0.374 12.747  0.355 12.392  0.731  SA107 720
 107-456   15 38 42.7 -00 19 47               12.919  0.921 13.840  0.589 14.429  0.537 12.382  0.478 11.904  1.015  SA107 456 
 107-457   15 38 46.7 -00 20 15               14.910  0.792 15.702  0.350 16.052  0.494 14.416  0.469 13.947  0.964  SA107 457 
 107-351   15 38 45.7 -00 32 06               12.342  0.562 12.904 -0.005 12.899  0.351 11.991  0.358 11.633  0.708  SA107 351 
 107-592   15 38 50.3 -00 17 09               11.847  1.318 13.165  1.380 14.545  0.709 11.138  0.647 10.491  1.357  SA107 592 
 107-458   15 38 50.1 -00 24 27               11.676  1.214 12.890  1.189 14.079  0.667 11.009  0.602 10.407  1.274  SA107 458
 107-459   15 38 50.7 -00 22 34               12.284  0.900 13.184  0.427 13.611  0.525 11.759  0.517 11.242  1.045  SA107 459 
 107-212   15 38 56.0 -00 45 31               13.383  0.683 14.066  0.135 14.201  0.404 12.979  0.411 12.568  0.818  SA107 212 
 107-215   15 38 57.6 -00 43 06               16.046  0.115 16.161 -0.082 16.079 -0.032 16.078 -0.475 16.553 -0.511  SA107 215 
 107-213   15 38 57.6 -00 44 15               14.262  0.802 15.064  0.261 15.325  0.531 13.731  0.509 13.222  1.038  SA107 213 
 107-357   15 39 05.4 -00 39 12               14.418  0.675 15.093  0.025 15.118  0.416 14.002  0.421 13.581  0.840  SA107 357
 107-599   15 39 09.4 -00 14 29               14.675  0.698 15.373  0.243 15.616  0.433 14.242  0.438 13.804  0.869  SA107 599 
 107-359   15 39 09.0 -00 35 38               12.797  0.580 13.377 -0.124 13.253  0.379 12.418  0.381 12.037  0.759  SA107 359 
 107-600   15 39 10.0 -00 15 51               14.884  0.503 15.387  0.049 15.436  0.339 14.545  0.361 14.184  0.700  SA107 600 
 107-601   15 39 13.8 -00 13 28               14.646  1.412 16.058  1.265 17.323  0.923 13.723  0.835 12.888  1.761  SA107 601 
 107-602   15 39 18.8 -00 15 30               12.116  0.991 13.107  0.585 13.692  0.545 11.571  0.531 11.040  1.074  SA107 602
 107-612   15 39 35.4 -00 15 08               14.256  0.896 15.152  0.296 15.448  0.551 13.705  0.530 13.175  1.081  SA107 612 
 107-611   15 39 35.0 -00 12 36               14.329  0.890 15.219  0.455 15.674  0.520 13.809  0.447 13.362  0.968  SA107 611 
 107-614   15 39 41.1 -00 13 11               13.926  0.622 14.548  0.033 14.581  0.361 13.565  0.370 13.195  0.732  SA107 614 
 107-626   15 40 05.3 -00 17 29               13.468  1.000 14.468  0.728 15.196  0.600 12.868  0.527 12.341  1.126  SA107 626 
 107-627   15 40 07.4 -00 17 23               13.349  0.779 14.128  0.226 14.354  0.465 12.884  0.454 12.430  0.918  SA107 627
 107-484   15 40 16.8 -00 21 15               11.311  1.237 12.548  1.291 13.839  0.664 10.647  0.577 10.070  1.240  SA107 484 
 107-636   15 40 40.4 -00 14 53               14.873  0.751 15.624  0.121 15.745  0.432 14.441  0.465 13.976  0.896  SA107 636 
 107-639   15 40 44.7 -00 17 10               14.197  0.640 14.837 -0.026 14.811  0.399 13.798  0.404 13.394  0.803  SA107 639 
 107-640   15 40 49.1 -00 16 48               15.050  0.755 15.805  0.092 15.897  0.511 14.539  0.506 14.033  1.017  SA107 640 
 G153-41   16 17 55.2 -15 35 53 -0.014 -0.17  13.422 -0.205 13.217 -1.133 12.084 -0.135 13.557 -0.154 13.711 -0.290  G153-41
 G138-25   16 25 14.0 +15 40 54  0.009 -1.22  13.513  1.419 14.932  1.265 16.197  0.883 12.630  0.796 11.834  1.685  G138-25   
 -12-4523  16 30 18.0 -12 39 46 -0.007 -1.21  10.069  1.568 11.637  1.192 12.829  1.152  8.917  1.498  7.419  2.649  BD-12 4523
 1633+099  16 35 24.0 +09 47 50               14.397 -0.192 14.205 -0.974 13.231 -0.093 14.490 -0.116 14.606 -0.212  PG1633+099
 1633+099  16 35 25.9 +09 47 53               15.256  0.873 16.129  0.320 16.449  0.505 14.751  0.511 14.240  1.015  PG1633+099
 1633+099  16 35 33.3 +09 46 21               12.969  1.081 14.050  1.007 15.057  0.590 12.379  0.502 11.877  1.090  PG1633+099
 1633+099  16 35 37.2 +09 46 16               13.229  1.134 14.363  1.138 15.501  0.618 12.611  0.523 12.088  1.138  PG1633+099
 1633+099  16 35 40.1 +09 46 42               13.691  0.535 14.226 -0.025 14.201  0.324 13.367  0.327 13.040  0.650  PG1633+099
 108-719   16 36 11.0 -00 25 30               12.690  1.031 13.721  0.648 14.369  0.553 12.137  0.533 11.604  1.087  SA108 719 
 108-1848  16 36 58.4 +00 05 55               11.738  0.559 12.297  0.073 12.370  0.331 11.407  0.325 11.082  0.657  SA108 1848
 108-475   16 37 00.6 -00 34 39               11.309  1.380 12.689  1.462 14.151  0.744 10.565  0.665  9.900  1.409  SA108 475
 108-1863  16 37 12.4 +00 02 30               12.244  0.803 13.047  0.378 13.425  0.446 11.798  0.398 11.400  0.844  SA108 1863
 108-551   16 37 47.8 -00 33 06               10.703  0.179 10.882  0.178 11.060  0.099 10.604  0.110 10.494  0.208  SA108 551 
 108-1918  16 37 50.1 -00 00 37               11.384  1.432 12.816  1.839 14.655  0.773 10.611  0.661  9.950  1.434  SA108 1918
 108-981   16 39 16.6 -00 25 07               12.071  0.494 12.565  0.237 12.802  0.310 11.761  0.312 11.449  0.622  SA108 981 
 1647+056  16 50 18.5 +05 32 56               14.773 -0.173 14.600 -1.064 13.536 -0.058 14.831 -0.022 14.853 -0.082  PG1647+056
 W629      16 55 25.3 -08 19 22 -0.055 -0.90  11.759  1.677 13.436  1.256 14.692  1.185 10.574  1.525  9.049  2.715  WOLF 629     
 1657+078  16 59 32.2 +07 43 32               15.015 -0.149 14.866 -0.940 13.926 -0.063 15.078 -0.033 15.111 -0.100  PG1657+078
 1657+078  16 59 32.0 +07 42 08               14.721  0.708 15.429  0.065 15.494  0.417 14.304  0.420 13.884  0.838  PG1657+078
 1657+078  16 59 33.2 +07 42 20               14.033  1.069 15.102  0.730 15.832  0.573 13.460  0.539 12.921  1.113  PG1657+078
 1657+078  16 59 35.3 +07 42 27               15.225  0.840 16.065  0.385 16.450  0.521 14.704  0.444 14.260  0.967  PG1657+078
 -4-4226   17 05 13.8 -05 05 39 -0.061 -1.147 10.071  1.415 11.486  1.085 12.571  0.970  9.101  1.141  7.960  2.113  BD-4 4226
 109-71    17 44 06.8 -00 24 57               11.493  0.323 11.816  0.153 11.969  0.186 11.307  0.223 11.084  0.410  SA109 71 
 109-381   17 44 12.3 -00 20 33               11.730  0.704 12.434  0.225 12.659  0.428 11.302  0.435 10.867  0.861  SA109 381 
 109-949   17 44 13.6 -00 02 27               12.828  0.806 13.634  0.363 13.997  0.500 12.328  0.517 11.811  1.020  SA109 949 
 109-954   17 44 15.8 -00 02 16               12.436  1.296 13.732  0.956 14.688  0.764 11.672  0.731 10.941  1.496  SA109 954
 109-956   17 44 17.5 -00 02 31               14.639  1.283 15.922  0.858 16.780  0.779 13.860  0.743 13.117  1.525  SA109 956 
 109-199   17 45 02.6 -00 29 28               10.990  1.739 12.729  1.967 14.696  1.006 9.984  0.900  9.084  1.904   SA109 199 
 109-231   17 45 19.9 -00 25 51                9.332  1.462 10.794  1.593 12.387  0.785 8.547  0.704  7.843  1.492   SA109 231 
 109-537   17 45 42.5 -00 21 36               10.353  0.609 10.962  0.227 11.189  0.376 9.977  0.392  9.585  0.768   SA109 537 
 G21-15    18 27 13.0 +04 03 45 -0.018 -0.30  13.889  0.092 13.981 -0.598 13.383 -0.039 13.928 -0.030 13.958 -0.069  G21-15
 110-229   18 40 45.7 +00 01 50               13.649  1.910 15.559  1.391 16.950  1.198 12.451  1.155 11.296  2.356  SA110 229 
 110-230   18 40 51.4 +00 02 23               14.281  1.084 15.365  0.728 16.093  0.624 13.657  0.596 13.061  1.218  SA110 230 
 110-232   18 40 52.3 +00 01 56               12.516  0.729 13.245  0.147 13.392  0.439 12.077  0.450 11.627  0.889  SA110 232 
 110-233   18 40 52.7 +00 00 51               12.771  1.281 14.052  0.812 14.864  0.773 11.998  0.818 11.180  1.593  SA110 233 
 110-239   18 41 19.8 +00 00 14               13.858  0.899 14.757  0.584 15.341  0.541 13.317  0.517 12.800  1.060  SA110 239
 110-339   18 41 26.6 +00 08 26               13.607  0.988 14.595  0.776 15.371  0.563 13.044  0.468 12.576  1.036  SA110 339 
 110-340   18 41 28.4 +00 15 24               10.025  0.303 10.328  0.127 10.455  0.170 9.855  0.182  9.673  0.353   SA110 340 
 110-477   18 41 43.2 +00 26 43               13.988  1.345 15.333  0.715 16.048  0.850 13.138  0.857 12.281  1.707  SA110 477 
 110-246   18 41 50.8 +00 05 09               12.706  0.586 13.292 -0.129 13.163  0.381 12.325  0.410 11.915  0.790  SA110 246 
 110-346   18 41 55.2 +00 09 59               14.757  0.999 15.756  0.752 16.508  0.697 14.060  0.646 13.414  1.345  SA110 346
 110-349   18 42 13.4 +00 10 16               15.095  1.088 16.183  0.668 16.851  0.503 14.592 -0.059 14.651  0.477  SA110 349 
 110-355   18 42 18.9 +00 08 25               11.944  1.023 12.967  0.504 13.471  0.652 11.292  0.727 10.565  1.378  SA110 355 
 110-358   18 42 35.5 +00 15 02               14.430  1.039 15.469  0.418 15.887  0.603 13.827  0.543 13.284  1.150  SA110 358 
 110-360   18 42 40.4 +00 09 11               14.618  1.197 15.815  0.539 16.354  0.715 13.903  0.717 13.186  1.432  SA110 360 
 110-361   18 42 45.0 +00 08 05               12.425  0.632 13.057  0.035 13.092  0.361 12.064  0.348 11.716  0.709  SA110 361
 110-362   18 42 48.2 +00 06 29               15.693  1.333 17.026  3.919 20.945  0.918 14.775  0.885 13.890  1.803  SA110 362 
 110-L1    18 42 50.1 +00 07 13               16.252  1.752 18.004  2.953 20.957  1.066 15.186  0.992 14.194  2.058  SA110 L1 
 110-266   18 42 48.7 +00 05 06               12.018  0.889 12.907  0.411 13.318  0.538 11.480  0.577 10.903  1.111  SA110 266 
 110-364   18 42 52.7 +00 07 56               13.615  1.133 14.748  1.095 15.843  0.697 12.918  0.585 12.333  1.281  SA110 364 
 110-365   18 42 57.4 +00 07 23               13.470  2.261 15.731  1.895 17.626  1.360 12.110  1.270 10.840  2.631  SA110 365
 110-157   18 42 56.4 -00 08 58               13.491  2.123 15.614  1.679 17.293  1.257 12.234  1.139 11.095  2.395  SA110 157 
 110-496   18 42 59.3 +00 31 09               13.004  1.040 14.044  0.737 14.781  0.607 12.397  0.681 11.716  1.287  SA110 496 
 110-273   18 42 59.5 +00 02 24               14.686  2.527 17.213  1.000 18.213  1.509 13.177  1.345 11.832  2.856  SA110 273 
 110-497   18 43 02.4 +00 30 57               14.196  1.052 15.248  0.380 15.628  0.606 13.590  0.597 12.993  1.203  SA110 497 
 110-280   18 43 06.9 -00 03 41               12.996  2.151 15.147  2.133 17.280  1.235 11.761  1.148 10.613  2.384  SA110 280
 110-499   18 43 07.6 +00 28 02               11.737  0.987 12.724  0.639 13.363  0.600 11.137  0.674 10.463  1.273  SA110 499 
 110-502   18 43 10.0 +00 27 43               12.330  2.326 14.656  2.326 16.982  1.373 10.957  1.250  9.707  2.625  SA110 502 
 110-504   18 43 11.7 +00 30 05               14.022  1.248 15.270  1.323 16.593  0.797 13.225  0.683 12.542  1.482  SA110 504 
 110-503   18 43 11.6 +00 29 43               11.773  0.671 12.444  0.506 12.950  0.373 11.400  0.436 10.964  0.808  SA110 503 
 110-506   18 43 18.9 +00 30 27               11.312  0.568 11.880  0.059 11.939  0.335 10.977  0.312 10.665  0.652  SA110 506
 110-507   18 43 19.1 +00 29 26               12.440  1.141 13.581  0.830 14.411  0.633 11.807  0.579 11.228  1.206  SA110 507 
 110-290   18 43 22.1 -00 01 15               11.898  0.708 12.606  0.196 12.802  0.418 11.480  0.418 11.062  0.836  SA110 290 
 110-441   18 43 33.5 +00 19 41               11.121  0.555 11.676  0.112 11.788  0.324 10.797  0.336 10.461  0.660  SA110 441 
 110-311   18 43 47.5 -00 00 21               15.505  1.796 17.301  1.179 18.480  1.010 14.495  0.864 13.631  1.874  SA110 311 
 110-312   18 43 48.9 +00 00 06               16.093  1.319 17.412 -0.788 16.624  1.137 14.956  1.154 13.802  2.293  SA110 312
 110-450   18 43 51.4 +00 22 59               11.585  0.944 12.529  0.691 13.220  0.552 11.033  0.625 10.408  1.177  SA110 450 
 110-316   18 43 52.3 +00 01 04               14.821  1.731 16.552  4.355 20.907  0.858 13.963  0.910 13.053  1.769  SA110 316 
 110-315   18 43 52.1 +00 00 49               13.637  2.069 15.706  2.256 17.962  1.206 12.431  1.133 11.298  2.338  SA110 315 
 110-319   18 43 55.3 +00 02 00               11.861  1.309 13.170  1.076 14.246  0.742 11.119  0.700 10.419  1.443  SA110 319 
 111-775   19 37 16.3 +00 12 06               10.744  1.738 12.482  2.029 14.511  0.965  9.779  0.896  8.883  1.862  SA111 775
 111-773   19 37 15.8 +00 10 58                8.963  0.206  9.169 -0.210  8.959  0.119  8.844  0.144  8.700  0.262  SA111 773 
 111-1925  19 37 28.6 +00 25 03               12.388  0.395 12.783  0.262 13.045  0.221 12.167  0.253 11.914  0.474  SA111 1925
 111-1965  19 37 41.6 +00 26 51               11.419  1.710 13.129  1.865 14.994  0.951 10.468  0.877  9.591  1.830  SA111 1965
 111-1969  19 37 43.3 +00 25 49               10.382  1.959 12.341  2.306 14.647  1.177  9.205  1.222  7.983  2.400  SA111 1969
 111-2039  19 38 04.6 +00 32 13               12.395  1.369 13.764  1.237 15.001  0.739 11.656  0.689 10.967  1.430  SA111 2039
 111-2088  19 38 21.2 +00 31 00               13.193  1.610 14.803  1.678 16.481  0.888 12.305  0.818 11.487  1.708  SA111 2088
 111-2093  19 38 23.4 +00 31 26               12.538  0.637 13.175  0.283 13.458  0.370 12.168  0.397 11.771  0.766  SA111 2093
 112-595   20 41 18.4 +00 16 29               11.352  1.601 12.953  1.993 14.946  0.899 10.453  0.901  9.552  1.801  SA112 595 
 112-704   20 42 02.0 +00 19 09               11.452  1.536 12.988  1.742 14.730  0.822 10.630  0.746  9.884  1.570  SA112 704 
 112-223   20 42 14.6 +00 09 01               11.424  0.454 11.878  0.010 11.888  0.273 11.151  0.274 10.877  0.547  SA112 223
 112-250   20 42 26.4 +00 07 43               12.095  0.532 12.627 -0.025 12.602  0.317 11.778  0.323 11.455  0.639  SA112 250 
 112-275   20 42 35.4 +00 07 20  0.0 -0.01     9.905  1.210 11.115  1.299 12.414  0.647  9.258  0.569  8.689  1.217  SA112 275 
 112-805   20 42 46.7 +00 16 09               12.086  0.152 12.238  0.150 12.388  0.063 12.023  0.075 11.948  0.138  SA112 805 
 112-822   20 42 54.9 +00 15 03               11.549  1.031 12.580  0.883 13.463  0.558 10.991  0.502 10.489  1.060  SA112 822 
 M-A2      20 43 55.0 -10 45 31               14.540  0.666 15.206  0.096 15.302  0.379 14.161  0.371 13.790  0.751  Mark A2
 M-A1      20 43 58.5 -10 47 12               15.911  0.609 16.520 -0.014 16.506  0.367 15.544  0.373 15.171  0.740  Mark A1      
 M-A       20 43 59.2 -10 47 42               13.258 -0.242 13.016 -1.162 11.854 -0.115 13.373 -0.125 13.498 -0.241  Mark A       
 M-A3      20 44 03.8 -10 45 37               14.818  0.938 15.756  0.651 16.407  0.587 14.231  0.510 13.721  1.098  Mark A3      
 W918      21 09 17.4 -13 18 08  0.047 -1.95  10.868  1.494 12.362  1.146 13.508  0.981  9.887  1.088  8.799  2.065  Wolf 918     
 G26-7     21 31 18.6 -09 47 25 -0.083 -0.05  12.005  1.669 13.674  1.235 14.909  1.300 10.705  1.695  9.010  2.986  G26-7
 113-440   21 40 34.5 +00 41 47               11.796  0.637 12.433  0.167 12.600  0.363 11.433  0.350 11.083  0.715  SA113 440 
 113-221   21 40 36.6 +00 21 03               12.071  1.031 13.102  0.874 13.976  0.550 11.521  0.490 11.031  1.041  SA113 221 
 113-L1    21 40 47.4 +00 28 35               15.530  1.343 16.873  1.180 18.053  0.867 14.663  0.723 13.940  1.594  SA113 L1 
 113-337   21 40 49.5 +00 27 58               14.225  0.519 14.744 -0.025 14.719  0.351 13.874  0.331 13.543  0.682  SA113 337
 113-339   21 40 55.7 +00 27 59               12.250  0.568 12.818 -0.034 12.784  0.340 11.910  0.347 11.563  0.687  SA113 339 
 113-342   21 40 59.8 +00 27 37               10.878  1.015 11.893  0.696 12.589  0.537 10.341  0.513  9.828  1.050  SA113 342 
 113-233   21 40 59.2 +00 22 03               12.398  0.549 12.947  0.096 13.043  0.338 12.060  0.322 11.738  0.661  SA113 233 
 113-239   21 41 06.9 +00 22 34               13.038  0.516 13.554  0.051 13.605  0.318 12.720  0.327 12.393  0.647  SA113 239 
 113-241   21 41 09.2 +00 25 49               14.352  1.344 15.696  1.452 17.148  0.897 13.455  0.797 12.658  1.683  SA113 241
 113-245   21 41 13.4 +00 21 53               15.665  0.628 16.293  0.112 16.405  0.396 15.269  0.318 14.951  0.716  SA113 245 
 113-459   21 41 15.0 +00 43 05               12.125  0.535 12.660 -0.018 12.642  0.307 11.818  0.313 11.505  0.623  SA113 459 
 113-250   21 41 24.6 +00 20 41               13.160  0.505 13.665 -0.003 13.662  0.309 12.851  0.316 12.535  0.626  SA113 250 
 113-466   21 41 27.4 +00 40 16               10.004  0.454 10.458 -0.001 10.457  0.281  9.723  0.282  9.441  0.563  SA113 466 
 113-259   21 41 44.9 +00 17 41               11.742  1.194 12.936  1.221 14.157  0.621 11.121  0.543 10.578  1.166  SA113 259
 113-260   21 41 48.1 +00 23 53               12.406  0.514 12.920  0.069 12.989  0.308 12.098  0.298 11.800  0.606  SA113 260 
 113-475   21 41 51.3 +00 39 21 +0.001 -0.01  10.306  1.058 11.364  0.844 12.208  0.570  9.736  0.527  9.209  1.098  SA113 475 
 113-366   21 41 53.6 +00 29 23               13.537  1.096 14.633  0.896 15.529  0.623 12.914  0.588 12.326  1.211  SA113 366 
 113-263   21 41 52.9 +00 25 37               15.481  0.280 15.761  0.074 15.835  0.194 15.287  0.207 15.080  0.401  SA113 263 
 113-265   21 41 53.8 +00 18 05               14.934  0.639 15.573  0.101 15.674  0.411 14.523  0.395 14.128  0.807  SA113 265
 113-268   21 41 57.1 +00 19 56               15.281  0.589 15.870 -0.018 15.852  0.379 14.902  0.407 14.495  0.786  SA113 268 
 113-34    21 41 58.8 +00 01 07               15.173  0.484 15.657 -0.054 15.603  0.306 14.867  0.346 14.521  0.652  SA 113 34 
 113-372   21 42 02.0 +00 28 39               13.681  0.670 14.351  0.080 14.431  0.395 13.286  0.370 12.916  0.766  SA113 372 
 113-149   21 42 05.6 +00 09 26               13.469  0.621 14.090  0.043 14.133  0.379 13.090  0.386 12.704  0.765  SA113 149 
 113-153   21 42 08.9 +00 15 05               14.476  0.745 15.221  0.285 15.506  0.462 14.014  0.441 13.573  0.902  SA113 153
 113-272   21 42 20.3 +00 20 59               13.904  0.633 14.537  0.067 14.604  0.370 13.534  0.340 13.194  0.710  SA113 272 
 113-158   21 42 21.8 +00 14 10               13.116  0.723 13.839  0.247 14.086  0.407 12.709  0.374 12.335  0.782  SA113 158 
 113-156   21 42 21.7 +00 12 10               11.224  0.526 11.750 -0.057 11.693  0.303 10.921  0.314 10.607  0.618  SA113 156 
 113-491   21 42 24.6 +00 43 55               14.373  0.764 15.137  0.306 15.443  0.434 13.939  0.420 13.519  0.854  SA113 491 
 113-492   21 42 27.8 +00 38 22               12.174  0.553 12.727  0.005 12.732  0.342 11.832  0.341 11.491  0.684  SA113 492
 113-493   21 42 28.6 +00 38 12               11.767  0.786 12.553  0.392 12.945  0.430 11.337  0.393 10.944  0.824  SA113 493 
 113-495   21 42 29.8 +00 38 08               12.437  0.947 13.384  0.530 13.914  0.512 11.925  0.497 11.428  1.010  SA113 495 
 113-163   21 42 35.5 +00 16 46               14.540  0.658 15.198  0.106 15.304  0.380 14.160  0.355 13.805  0.735  SA113 163 
 113-281   21 42 38.7 +00 18 57               15.247  0.529 15.776 -0.026 15.750  0.347 14.900  0.359 14.541  0.706  SA113 281 
 113-165   21 42 38.0 +00 15 34               15.639  0.601 16.240  0.003 16.243  0.354 15.285  0.392 14.893  0.746  SA113 165
 113-167   21 42 41.0 +00 16 08               14.841  0.597 15.438 -0.034 15.404  0.351 14.490  0.376 14.114  0.728  SA113 167 
 113-177   21 42 56.5 +00 14 44               13.560  0.789 14.349  0.318 14.667  0.456 13.104  0.436 12.668  0.890  SA113 177 
 113-182   21 43 08.4 +00 14 50               14.370  0.659 15.029  0.065 15.094  0.402 13.968  0.422 13.546  0.824  SA113 182 
 113-187   21 43 20.6 +00 16 54               15.080  1.063 16.143  0.969 17.112  0.638 14.442  0.535 13.907  1.174  SA113 187 
 113-189   21 43 27.5 +00 17 22               15.421  1.118 16.539  0.958 17.497  0.713 14.708  0.605 14.103  1.319  SA113 189
 113-307   21 43 30.5 +00 18 04               14.214  1.128 15.342  0.911 16.253  0.630 13.584  0.614 12.970  1.245  SA113 307 
 113-191   21 43 33.6 +00 15 55               12.337  0.799 13.136  0.223 13.359  0.471 11.866  0.466 11.400  0.937  SA113 191 
 113-195   21 43 40.9 +00 17 22               13.692  0.730 14.422  0.201 14.623  0.418 13.274  0.413 12.861  0.832  SA113 195 
 G93-48    21 52 25.4 +02 23 20  0.000 -0.21  12.739 -0.008 12.731 -0.792 11.939 -0.097 12.836 -0.094 12.930 -0.191  G93-48    
 2213-006  22 16 17.7 -00 22 14               15.109  0.721 15.830  0.177 16.007  0.426 14.683  0.404 14.279  0.830  PG2213-006
 2213-006  22 16 21.7 -00 21 47               12.706  0.749 13.455  0.297 13.752  0.427 12.279  0.402 11.877  0.829  PG2213-006
 2213-006  22 16 23.2 -00 21 26               14.178  0.673 14.851  0.100 14.951  0.406 13.772  0.403 13.369  0.808  PG2213-006
 2213-006  22 16 28.3 -00 21 13               14.124 -0.217 13.907 -1.125 12.782 -0.092 14.216 -0.110 14.326 -0.203  PG2213-006
 G156 31   22 38 33.6 -15 17 59  0.160  2.28  12.361  1.993 14.354  1.408 15.762  1.648 10.713  2.042  8.671  3.684  G156-31   
 114-531   22 40 36.8 +00 51 56               12.094  0.733 12.827  0.186 13.013  0.422 11.672  0.403 11.269  0.825  SA114 531
 114-637   22 40 42.5 +01 03 11               12.070  0.801 12.871  0.307 13.178  0.456 11.614  0.415 11.199  0.872  SA114 637 
 114-446   22 41 03.8 +00 46 02               12.064  0.737 12.801  0.237 13.038  0.397 11.667  0.369 11.298  0.769  SA114 446 
 114-654   22 41 26.1 +01 10 11               11.833  0.656 12.489  0.178 12.667  0.368 11.465  0.341 11.124  0.711  SA114 654 
 114-656   22 41 35.1 +01 11 10               12.644  0.965 13.609  0.698 14.307  0.547 12.097  0.506 11.591  1.051  SA114 656 
 114-548   22 41 36.8 +00 59 07               11.601  1.362 12.963  1.573 14.536  0.738 10.863  0.651 10.212  1.387  SA114 548
 114-750   22 41 44.7 +01 12 37               11.916 -0.041 11.875 -0.354 11.521  0.027 11.889 -0.015 11.904  0.011  SA114 750 
 114-670   22 42 09.3 +01 10 17               11.101  1.206 12.307  1.223 13.530  0.645 10.456  0.561  9.895  1.208  SA114 670 
 114-176   22 43 10.2 +00 21 16                9.239  1.485 10.724  1.853 12.577  0.800  8.439  0.717  7.722  1.521  SA114 176 
 G156-57   22 53 16.8 -14 15 50  0.068  -0.71 10.180  1.556 11.736  1.182 12.918  1.174  9.006  1.542  7.464  2.713  G156-57   
 GD-246    23 12 21.7 +10 47 04  0.010  -0.02 13.094 -0.318 12.776 -1.187 11.589 -0.148 13.242 -0.183 13.425 -0.332  GD 246
 F-108     23 16 12.4 -01 50 35               12.958 -0.235 12.723 -1.052 11.671 -0.103 13.061 -0.135 13.196 -0.239  Feige 108     
 2317+046  23 19 55.3 +04 52 35  0.002  -0.02 12.876 -0.246 12.630 -1.137 11.493 -0.074 12.950 -0.035 12.985 -0.118  PG2317+046
 2331+055  23 33 44.4 +05 46 40               15.182 -0.066 15.116 -0.487 14.629 -0.012 15.194 -0.031 15.225 -0.044  PG2331+055
 2331+055  23 33 49.4 +05 46 53               13.051  0.741 13.792  0.257 14.049  0.419 12.632  0.401 12.231  0.821  PG2331+055
 2331+055  23 33 51.1 +05 45 09               14.744  0.819 15.563  0.429 15.992  0.481 14.263  0.454 13.809  0.935  PG2331+055
 2336+004  23 38 38.3 +00 42 47               12.431  0.507 12.938 -0.035 12.903  0.314 12.117  0.316 11.801  0.625  PG2336+004
 2336+004  23 38 42.4 +00 42 29               11.277  0.679 11.956  0.135 12.091  0.398 10.879  0.372 10.507  0.767  PG2336+004
 2336+004  23 38 43.5 +00 42 59               15.899 -0.172 15.727 -0.781 14.946 -0.061 15.960 -0.048 16.008 -0.110  PG2336+004
 115-554   23 41 30.8 +01 26 25               11.812  1.005 12.817  0.548 13.365  0.586 11.226  0.538 10.688  1.127  SA115 554 
 115-486   23 41 33.0 +01 16 45               12.482  0.493 12.975 -0.049 12.926  0.298 12.184  0.308 11.876  0.607  SA115 486
 115-412   23 42 00.9 +01 09 01               12.209  0.573 12.782 -0.040 12.742  0.327 11.882  0.335 11.547  0.665  SA115 412 
 115-268   23 42 30.6 +00 52 11               12.494  0.634 13.128  0.077 13.205  0.366 12.128  0.348 11.780  0.714  SA115 268 
 115-420   23 42 36.4 +01 05 59               11.161  0.468 11.629 -0.027 11.602  0.286 10.875  0.293 10.582  0.580  SA115 420 
 115-271   23 42 41.8 +00 45 13                9.695  0.615 10.310  0.101 10.411  0.353  9.342  0.349  8.993  0.701  SA115 271 
 115-516   23 44 15.3 +01 14 12               10.434  1.028 11.462  0.759 12.221  0.563  9.871  0.534  9.337  1.098  SA115 516 
 2349+002  23 51 53.3 +00 28 18               13.277 -0.191 13.086 -0.921 12.165 -0.103 13.380 -0.116 13.496 -0.219  PG2349+002