#Star       mV   ST    R.A. (1950)  Dec. (1950)  Proper motion
HD 432     2.4  F2 IV 00 06 29.7  +58 52 27  +0.0679  -0.177
HD 9540    7.0  G8 V  01 30 52.9  -24 25 55  +0.0215  -0.152
HD 10476   5.2  K1 V  01 39 46.6  +20 01 34  -0.0209  -0.668
HD 18803   6.7  G6 V  02 59 27.7  +26 24 56  +0.0176  -0.161
HD 20630   4.8  G5 V  03 16 44.1  +03 11 17  +0.0178  +0.098
HD 38393   3.6  F6 V  05 42 22.6  -22 27 48  -0.0212  -0.373
HD 39587   4.4  G0 V  05 51 25.2  +20 16 07  -0.0133  -0.086
HD 42807   6.5  G6 V  06 10 26.0  +10 38 44  +0.0062  -0.285
HD 61421   0.3  F5 IV 07 36 41.1  +05 21 17  -0.0473  -1.029
HD 65583   7.0  G8 V  07 57 26.5  +29 21 59  -0.0114  -1.167
HD 90508   6.5  G1 V  10 24 59.1  +49 13 09  -0.0004  -0.010
HD 98281   7.3  G8 V  11 15 49.2  -04 47 37  +0.0528  -0.150
HD 100623  6.0  K0 V  11 32 03.4  -32 33 59  -0.0536  +0.821
HD 102438  6.5  G5 V  11 44 45.4  -30 00 20  -0.0214  -0.245
HD 102870  3.6  F8 V  11 48 05.4  +02 02 48  +0.0494  -0.275
HD 103095  6.5  G8 VI 11 50 06.2  +38 04 39  +0.3387  -5.806
HD 114710  4.3  G0 V  13 09 32.4  +28 07 52  -0.0605  +0.879
HD 115617  4.8  G6 V  13 15 47.1  -18 02 01  -0.0754  -1.072
HD 125184  6.5  G8 V  14 15 21.1  -07 18 32  +0.0168  -0.245
HD 142373  4.6  F9 V  15 50 56.7  +42 35 26  +0.0396  +0.628
HD 144287  7.1  G8 V  16 01 59.5  +25 22 52  -0.0389  +0.672
HD 144579  6.7  G8 V  16 03 13.2  +39 17 26  -0.0493  +0.055
HD 154345  6.8  G8 V  17 01 11.6  +47 08 23  +0.0117  +0.846
HD 165908  5.0  F7 V  18 05 07.5  +30 33 13  -0.0075  +0.071
HD 185395  4.5  F4 V  19 35 06.0  +50 06 16  -0.0025  +0.256
HD 188512  3.7  G8 IV 19 52 51.4  +06 16 36  +0.0029  -0.479
HD 202573  7.0  G5 V  21 13 44.5  +25 13 31  -0.0046  -0.032
HD 202940  6.6  G5 V  21 16 52.5  -26 33 36  -0.0402  -0.352
HD 210027  3.8  F5 V  22 04 40.8  +25 06 01  +0.0220  +0.028
HD 216956  1.2  A3 V  22 54 53.5  -29 53 16  +0.0258  -0.161
